        weight_2018 pitax_2018 total_gross_income_2018 weight_2019 pitax_2019 total_gross_income_2019 weight_2020 pitax_2020 total_gross_income_2020 weight_2021 pitax_2021 total_gross_income_2021 weight_2022 pitax_2022 total_gross_income_2022 weight_ref_2022 pitax_ref_2022 total_gross_income_ref_2022 weight_ref_2023 pitax_ref_2023 total_gross_income_ref_2023 weight_ref_2024 pitax_ref_2024 total_gross_income_ref_2024 weight_ref_2025 pitax_ref_2025 total_gross_income_ref_2025 weight_ref_2026 pitax_ref_2026 total_gross_income_ref_2026 weight_ref_2027 pitax_ref_2027 total_gross_income_ref_2027
<0              0.0          0                       0         0.0          0                       0         0.0          0                       0         0.0          0                       0         0.0          0                       0             0.0              0                           0             0.0              0                           0             0.0              0                           0             0.0              0                           0             0.0              0                           0             0.0              0                           0
=0             10.0          0                       0        10.0          0                       0        10.0          0                       0        10.0          0                       0        10.0          0                       0            10.0              0                           0            10.0              0                           0            10.0              0                           0            10.0              0                           0            10.0              0                           0            10.0              0                           0
0-0.5 m    644430.0      6,456                 137,288    619810.0      6,380                 137,246    621020.0      6,383                 137,256    584200.0      6,049                 132,142    564300.0      5,840                 128,688        564300.0          5,998                     128,688        537140.0          5,727                     124,137        520960.0          5,564                     121,219        498070.0          5,334                     116,944        476520.0          5,112                     112,675        453990.0          4,895                     108,048
0.5-1m     101655.0      4,163                  67,790    119782.0      4,823                  80,182    118964.0      4,795                  79,622    147198.0      5,739                  98,156    161926.0      6,225                 108,053        161926.0          6,397                     108,053        180799.0          7,041                     121,556        191354.0          7,396                     129,319        205366.0          7,861                     139,980        217545.0          8,258                     149,605        228890.0          8,609                     158,968
1-1.5m      17702.0      1,510                  21,134     21695.0      1,804                  25,971     21452.0      1,786                  25,690     26452.0      2,142                  31,723     29456.0      2,352                  35,309         29456.0          2,514                      35,309         34092.0          2,843                      40,842         37444.0          3,078                      44,864         42557.0          3,431                      50,976         47944.0          3,808                      57,445         54218.0          4,229                      64,942
1.5-2m       5413.0        728                   9,278      6552.0        864                  11,216      6482.0        858                  11,102      8253.0      1,060                  14,089      9374.0      1,189                  15,994          9374.0          1,322                      15,994         11341.0          1,557                      19,357         12477.0          1,694                      21,352         14248.0          1,893                      24,381         16143.0          2,098                      27,654         18456.0          2,337                      31,602
2-3m         3840.0        761                   9,204      4598.0        899                  11,017      4549.0        890                  10,901      5610.0      1,091                  13,462      6189.0      1,195                  14,854          6189.0          1,428                      14,854          7121.0          1,620                      17,104          7730.0          1,739                      18,546          8941.0          1,969                      21,383         10198.0          2,213                      24,359         11799.0          2,514                      28,139
3-4m         1375.0        408                   4,722      1612.0        471                   5,521      1603.0        468                   5,492      1893.0        547                   6,490      2120.0        608                   7,272          2120.0            780                       7,272          2447.0            887                       8,390          2698.0            970                       9,239          3039.0          1,088                      10,409          3417.0          1,210                      11,716          3854.0          1,350                      13,218
4-5m          651.0        260                   2,892       781.0        309                   3,459       770.0        304                   3,410       945.0        365                   4,196      1010.0        388                   4,496          1010.0            509                       4,496          1144.0            571                       5,084          1245.0            622                       5,536          1383.0            682                       6,139          1561.0            765                       6,944          1757.0            849                       7,806
5-10m        1167.0        741                   8,010      1313.0        837                   9,049      1310.0        835                   9,030      1486.0        949                  10,287      1584.0      1,003                  10,913          1584.0          1,374                      10,913          1755.0          1,496                      11,983          1865.0          1,576                      12,724          2071.0          1,728                      14,065          2217.0          1,821                      14,968          2467.0          2,004                      16,598
>10m          769.0      2,084                  21,224       859.0      2,369                  24,143       852.0      2,352                  23,969       965.0      2,711                  27,636      1043.0      2,928                  29,845          1043.0          4,267                      29,845          1163.0          4,754                      33,300          1229.0          5,052                      35,409          1327.0          5,504                      38,614          1457.0          6,010                      42,205          1571.0          6,544                      45,994
ALL        777012.0     17,112                 281,543    777012.0     18,755                 307,805    777012.0     18,672                 306,472    777012.0     20,652                 338,180    777012.0     21,728                 355,425        777012.0         24,588                     355,425        777012.0         26,496                     381,753        777012.0         27,691                     398,208        777012.0         29,490                     422,890        777012.0         31,295                     447,572        777012.0         33,332                     475,315

