        weight_2018 pitax_2018 total_gross_income_2018 weight_2019 pitax_2019 total_gross_income_2019 weight_2020 pitax_2020 total_gross_income_2020 weight_2021 pitax_2021 total_gross_income_2021 weight_2022 pitax_2022 total_gross_income_2022 weight_ref_2022 pitax_ref_2022 total_gross_income_ref_2022 weight_ref_2023 pitax_ref_2023 total_gross_income_ref_2023 weight_ref_2024 pitax_ref_2024 total_gross_income_ref_2024 weight_ref_2025 pitax_ref_2025 total_gross_income_ref_2025 weight_ref_2026 pitax_ref_2026 total_gross_income_ref_2026 weight_ref_2027 pitax_ref_2027 total_gross_income_ref_2027
 0-10n          -99          0                       0         -99          0                       0         -99          0                       0         -99          0                       0         -99          0                       0             -99              0                           0             -99              0                           0             -99              0                           0             -99              0                           0             -99              0                           0             -99              0                           0
 0-10z          -99          0                       0         -99          0                       0         -99          0                       0         -99          0                       0         -99          0                       0             -99              0                           0             -99              0                           0             -99              0                           0             -99              0                           0             -99              0                           0             -99              0                           0
 0-10p       77,700        509                   5,224      77,700        557                   5,712      77,700        554                   5,687      77,700        612                   6,275      77,700        643                   6,595          77,700            691                       6,595          77,700            743                       7,084          77,700            775                       7,389          77,700            823                       7,847          77,700            871                       8,305          77,700            925                       8,820
 10-20       77,700      2,244                  39,660      77,700      2,456                  43,359      77,700      2,445                  43,171      77,700      2,704                  47,638      77,700      2,847                  50,067          77,700          3,108                      50,067          77,700          3,349                      53,776          77,700          3,502                      56,094          77,700          3,737                      59,571          77,700          3,980                      63,048          77,700          4,258                      66,956
 20-30       77,700      4,837                 114,879      77,700      5,536                 125,595      77,700      5,500                 125,051      77,700      6,371                 137,989      77,700      6,855                 145,026          77,700          7,377                     145,026          77,700          8,158                     155,768          77,700          8,642                     162,483          77,700          9,356                     172,554          77,700         10,057                     182,625          77,700         10,830                     193,945
 30-40       77,700      7,807                 200,243      77,700      8,717                 218,921      77,700      8,673                 217,973      77,700      9,695                 240,525      77,700     10,224                 252,790          77,700         10,490                     252,790          77,700         11,296                     271,515          77,700         11,793                     283,219          77,700         12,536                     300,773          77,700         13,278                     318,328          77,700         14,110                     338,059
 40-50       77,700      8,994                 233,404      77,700      9,849                 255,175      77,700      9,806                 254,070      77,700     10,832                 280,357      77,700     11,389                 294,653          77,700         11,553                     294,653          77,700         12,415                     316,479          77,700         12,953                     330,121          77,700         13,760                     350,583          77,700         14,567                     371,045          77,700         15,473                     394,044
 50-60       77,700     12,299                 277,557      77,700     13,458                 303,447      77,700     13,399                 302,133      77,700     14,796                 333,392      77,700     15,555                 350,393          77,700         15,811                     350,393          77,700         16,988                     376,348          77,700         17,723                     392,570          77,700         18,824                     416,903          77,700         19,926                     441,235          77,700         21,164                     468,585
 60-70       77,700     16,659                 339,645      77,700     18,222                 371,326      77,700     18,142                 369,718      77,700     20,028                 407,970      77,700     21,053                 428,774          77,700         21,442                     428,774          77,700         23,036                     460,535          77,700         24,031                     480,386          77,700         25,525                     510,162          77,700         27,018                     539,938          77,700         28,696                     573,405
 70-80       77,705     21,891                 415,558      77,705     23,941                 454,321      77,705     23,837                 452,354      77,705     26,312                 499,155      77,705     27,657                 524,609          77,705         28,115                     524,609          77,705         30,203                     563,469          77,705         31,508                     587,756          77,705         33,465                     624,187          77,705         35,422                     660,618          77,705         37,621                     701,566
 80-90       77,705     31,326                 540,195      77,705     34,260                 590,584      77,705     34,111                 588,027      77,705     37,651                 648,866      77,705     39,577                 681,953          77,705         40,704                     681,953          77,705         43,727                     732,468          77,705         45,617                     764,040          77,705         48,450                     811,398          77,705         51,284                     858,756          77,705         54,469                     911,985
 90-100      77,702    113,658               1,456,997      77,702    124,376               1,592,904      77,702    123,832               1,586,006      77,702    136,782               1,750,099      77,702    143,830               1,839,341          77,702        177,148                   1,839,341          77,702        191,077                   1,975,589          77,702        199,834                   2,060,743          77,702        213,046                   2,188,475          77,702        226,354                   2,316,208          77,702        241,418                   2,459,774
 ALL        777,012     22,023                 362,340     777,012     24,138                 396,139     777,012     24,030                 394,424     777,012     26,579                 435,232     777,012     27,963                 457,426         777,012         31,644                     457,426         777,012         34,100                     491,309         777,012         35,638                     512,486         777,012         37,953                     544,252         777,012         40,276                     576,017         777,012         42,897                     611,721
 90-95       38,851     47,534                 752,587      38,851     51,987                 822,788      38,851     51,761                 819,225      38,851     57,137                 903,985      38,851     60,060                 950,081          38,851         62,793                     950,081          38,851         67,468                   1,020,457          38,851         70,395                   1,064,443          38,851         74,793                   1,130,421          38,851         79,201                   1,196,398          38,851         84,173                   1,270,555
 95-99       31,080     88,030               1,222,083      31,080     96,291               1,336,077      31,080     95,872               1,330,292      31,080    105,843               1,467,928      31,080    111,266               1,542,781          31,080        123,392                   1,542,781          31,080        133,602                   1,657,061          31,080        140,092                   1,728,486          31,080        149,982                   1,835,624          31,080        160,067                   1,942,762          31,080        171,613                   2,063,181
 Top 1%       7,771    546,747               5,918,215       7,771    598,614               6,470,259       7,771    595,980               6,442,242       7,771    658,707               7,108,776       7,771    692,876               7,471,271           7,771        963,858                   7,471,271           7,771      1,038,927                   8,024,699           7,771      1,085,899                   8,370,591           7,771      1,156,464                   8,889,429           7,771      1,227,152                   9,408,268           7,771      1,306,746                   9,991,425

